209.48239892721176,135.01510329544544,140.4247623682022,153.86148838698864,"VSDType2",0.9864202737808228,03ad8ec729fc42fcf749c8029d9db3c2-_1_1-00004.png
212.88105860352516,138.19827675819397,138.31113427877426,145.94705164432526,"VSDType2",0.9892407059669495,03ad8ec729fc42fcf749c8029d9db3c2-_1_1-00005.png
200.29291346669197,139.06483295559883,114.95154976844788,140.28536939620972,"VSDType2",0.9661797285079956,03ad8ec729fc42fcf749c8029d9db3c2-_1_1-00013.png
216.1691603064537,128.77950163185596,133.5384839773178,160.13867591321468,"VSDType2",0.9867801070213318,03ad8ec729fc42fcf749c8029d9db3c2-_1_1-00014.png
217.03736186027527,137.02949832379818,137.2050502896309,148.7303278595209,"VSDType2",0.9913980960845947,03ad8ec729fc42fcf749c8029d9db3c2-_1_1-00016.png
228.70881289243698,245.56063637137413,95.11074274778366,65.92955365777016,"VSDType2",0.6380842924118042,03ad8ec729fc42fcf749c8029d9db3c2-_1_1-00022-difficult.png
197.22844898700714,129.07872140407562,135.97874343395233,164.29891008138657,"VSDType2",0.8747442364692688,03ad8ec729fc42fcf749c8029d9db3c2-_1_1-00024.png
212.32171341776848,136.17747129499912,141.18288919329643,162.77159593999386,"VSDType2",0.9828913807868958,03ad8ec729fc42fcf749c8029d9db3c2-_1_1-00025.png
205.94731718301773,135.8427396118641,134.55724775791168,144.01311922073364,"VSDType2",0.9884071946144104,03ad8ec729fc42fcf749c8029d9db3c2-_1_1-00026.png
220.89319199323654,199.2696871161461,131.04468941688538,115.10307615995407,"VSDType2",0.9848522543907166,03ad8ec729fc42fcf749c8029d9db3c2-_1_2-00002.png
218.75821709632874,151.51084318757057,143.02276968955994,142.64397802948952,"VSDType2",0.9911826848983765,03ad8ec729fc42fcf749c8029d9db3c2-_1_2-00003.png
225.05743727087975,137.4311728924513,148.2156117260456,154.50996901094913,"VSDType2",0.9777020215988159,03ad8ec729fc42fcf749c8029d9db3c2-_1_2-00004.png
225.99402844905853,140.84538947045803,127.72492468357086,129.0152468830347,"VSDType2",0.9914628267288208,03ad8ec729fc42fcf749c8029d9db3c2-_1_2-00005.png
224.52391415834427,152.16437968611717,120.06755590438843,125.5451654791832,"VSDType2",0.987690806388855,03ad8ec729fc42fcf749c8029d9db3c2-_1_2-00012.png
224.86212238669395,139.14130952954292,147.0127947628498,150.9725737273693,"VSDType2",0.9812406897544861,03ad8ec729fc42fcf749c8029d9db3c2-_1_2-00013.png
231.39838457107544,140.9480168223381,133.5381057858467,144.3909466266632,"VSDType2",0.9867638349533081,03ad8ec729fc42fcf749c8029d9db3c2-_1_2-00014.png
219.51949551701546,139.59494054317474,113.22136580944061,130.3629480600357,"VSDType2",0.9873528480529785,03ad8ec729fc42fcf749c8029d9db3c2-_1_2-00022.png
223.10531795024872,137.99246987700462,153.91275107860565,159.45660737156868,"VSDType2",0.9657366871833801,03ad8ec729fc42fcf749c8029d9db3c2-_1_2-00023.png
224.51011016964912,139.26138223707676,150.62826320528984,138.04588441550732,"VSDType2",0.9920371770858765,03ad8ec729fc42fcf749c8029d9db3c2-_1_2-00024.png
304.2190892994404,139.42695781588554,70.54680749773979,99.25427252054214,"VSDType1",0.9229702353477478,1546fea49902ee2dbc640573d57a6d1d-_1_1-00001.png
300.59542670845985,186.81237450242043,48.455950319767,62.48332804441452,"VSDType1",0.7652081847190857,1546fea49902ee2dbc640573d57a6d1d-_1_1-00002.png
284.5410726964474,165.3902542591095,82.62939468026161,69.06076204776764,"VSDType1",0.9592334628105164,1546fea49902ee2dbc640573d57a6d1d-_1_1-00006.png
316.87532991170883,142.3100487291813,62.396508157253265,97.88880676031113,"VSDType1",0.8646741509437561,1546fea49902ee2dbc640573d57a6d1d-_1_1-00013.png
305.1227357983589,130.6287869811058,82.47881144285202,121.07887834310532,"VSDType1",0.9190409779548645,1546fea49902ee2dbc640573d57a6d1d-_1_1-00014.png
313.1633386015892,153.8989588022232,59.60276573896408,94.22317689657211,"VSDType1",0.9389229416847229,1546fea49902ee2dbc640573d57a6d1d-_1_1-00016.png
308.68592977523804,166.64806267619133,62.95186132192612,67.57933902740479,"VSDType1",0.9711039662361145,1546fea49902ee2dbc640573d57a6d1d-_1_1-00017.png
283.43292966485023,106.87629680335522,126.09905853867531,145.8629049807787,"VSDType1",0.9535096883773804,1546fea49902ee2dbc640573d57a6d1d-_1_1-00018.png
314.9936592578888,145.91367942094803,85.87139904499054,110.15701586008072,"VSDType1",0.9551916718482971,1546fea49902ee2dbc640573d57a6d1d-_1_1-00020.png
313.034585416317,163.4898838698864,83.65385234355927,70.60999935865402,"VSDType1",0.9614952206611633,1546fea49902ee2dbc640573d57a6d1d-_1_1-00021.png
313.1386511027813,134.85596403479576,60.50805106759071,118.95258110761642,"VSDType1",0.749599277973175,1546fea49902ee2dbc640573d57a6d1d-_1_1-00028.png
302.89459973573685,128.97090876102448,86.23904317617416,129.20889723300934,"VSDType1",0.8839921951293945,1546fea49902ee2dbc640573d57a6d1d-_1_1-00029.png
298.4679526090622,163.93559458851814,74.27562832832336,91.06303095817566,"VSDType1",0.9018737077713013,1546fea49902ee2dbc640573d57a6d1d-_1_1-00030.png
299.26572650671005,132.2343981564045,87.88976490497589,116.81451559066772,"VSDType1",0.7456757426261902,1546fea49902ee2dbc640573d57a6d1d-_1_1-00032-difficult.png
256.57251074910164,130.81658770143986,111.82119593024254,150.807740136981,"VSDType1",0.9620822668075562,1546fea49902ee2dbc640573d57a6d1d-_1_2-00001.png
249.39651668071747,129.14286889135838,119.93796229362488,159.56520514190197,"VSDType1",0.9114769101142883,1546fea49902ee2dbc640573d57a6d1d-_1_2-00002.png
278.78304451704025,149.21694284677505,87.701635658741,110.0326378941536,"VSDType1",0.9821946620941162,1546fea49902ee2dbc640573d57a6d1d-_1_2-00004.png
272.9669639468193,116.07635790109634,104.10464018583298,135.3231579065323,"VSDType1",0.9777538776397705,1546fea49902ee2dbc640573d57a6d1d-_1_2-00007.png
290.13935700058937,133.95520734786987,100.43023690581322,110.2459164261818,"VSDType1",0.9812666177749634,1546fea49902ee2dbc640573d57a6d1d-_1_2-00009.png
279.10297349095345,163.04006633162498,83.91062334179878,61.02544158697128,"VSDType1",0.9907034635543823,1546fea49902ee2dbc640573d57a6d1d-_1_2-00013.png
283.54972779750824,129.90322583913803,76.79182022809982,103.41306585073471,"VSDType1",0.7873756289482117,1546fea49902ee2dbc640573d57a6d1d-_1_2-00014.png
279.76751893758774,139.96785874664783,90.38490414619446,116.22114054858685,"VSDType1",0.9919068813323975,1546fea49902ee2dbc640573d57a6d1d-_1_2-00016.png
273.93055379390717,163.50713941454887,82.51755505800247,100.2899158000946,"VSDType1",0.8545507788658142,1546fea49902ee2dbc640573d57a6d1d-_1_2-00017.png
270.93952149152756,155.43625527620316,85.05303472280502,110.25868552923203,"VSDType1",0.8885073661804199,1546fea49902ee2dbc640573d57a6d1d-_1_2-00018.png
259.76133719086647,162.32653230428696,77.63006061315536,94.95536416769028,"VSDType1",0.946616530418396,1546fea49902ee2dbc640573d57a6d1d-_1_2-00020.png
289.26277220249176,126.39710623025894,76.28685057163239,105.68275666236877,"VSDType1",0.8017547726631165,1546fea49902ee2dbc640573d57a6d1d-_1_2-00030.png
293.58955577015877,132.17094951868057,69.11405012011528,107.01174420118332,"VSDType1",0.7772791385650635,1546fea49902ee2dbc640573d57a6d1d-_1_2-00032.png
276.4076238870621,127.03354248404503,86.18160009384155,129.3522908091545,"VSDType1",0.9583640098571777,1546fea49902ee2dbc640573d57a6d1d-_1_2-00033.png
260.9585653245449,129.5312912017107,105.34462496638298,146.15074472129345,"VSDType1",0.9656869769096375,1546fea49902ee2dbc640573d57a6d1d-_1_2-00034.png
242.90391460061073,111.41888795793056,139.1720451414585,159.0142528563738,"VSDType1",0.9832575917243958,1546fea49902ee2dbc640573d57a6d1d-_1_2-00036.png
279.4239740073681,134.90115630626678,84.40033927559853,123.37200218439102,"VSDType1",0.9654931426048279,1546fea49902ee2dbc640573d57a6d1d-_1_2-00038.png
285.83805933594704,115.83505636453629,103.50980803370476,134.58551788330078,"VSDType1",0.9752687215805054,1546fea49902ee2dbc640573d57a6d1d-_1_2-00039.png
286.57618403434753,104.42931389808655,93.67869973182678,127.24797713756561,"VSDType1",0.9898361563682556,1546fea49902ee2dbc640573d57a6d1d-_1_2-00040.png
272.5257405638695,145.81829077005386,91.00240677595139,91.60216319561005,"VSDType1",0.9439449906349182,1546fea49902ee2dbc640573d57a6d1d-_1_2-00046-difficult.png
278.7256644666195,149.6313347518444,79.62752088904381,86.17653679847717,"VSDType1",0.9679925441741943,1546fea49902ee2dbc640573d57a6d1d-_1_2-00047-difficult.png
266.6309331357479,125.05242477357388,89.63446721434593,118.08140905201435,"VSDType1",0.8498114347457886,1546fea49902ee2dbc640573d57a6d1d-_1_2-00048.png
251.07841819524765,152.97992849349976,114.12465512752533,133.0076363682747,"VSDType1",0.9117422699928284,1546fea49902ee2dbc640573d57a6d1d-_1_3-00001.png
231.74703508615494,159.842268794775,122.01351910829544,121.75087827444077,"VSDType1",0.9873457551002502,1546fea49902ee2dbc640573d57a6d1d-_1_3-00002.png
260.28412386775017,172.7139388024807,85.48480331897736,88.07395648956299,"VSDType1",0.8902226090431213,1546fea49902ee2dbc640573d57a6d1d-_1_3-00003.png
260.0601714849472,134.9064882695675,87.5978010892868,123.90136778354645,"VSDType1",0.9496153593063354,1546fea49902ee2dbc640573d57a6d1d-_1_3-00013.png
261.89045011997223,135.90287518501282,106.07863157987595,122.20594149827957,"VSDType1",0.9858019351959229,1546fea49902ee2dbc640573d57a6d1d-_1_3-00014.png
261.4633458852768,164.4051179587841,76.81249469518661,99.61166936159134,"VSDType1",0.8754262328147888,1546fea49902ee2dbc640573d57a6d1d-_1_3-00015.png
267.1903623640537,119.58592861890793,95.76142117381096,149.78986144065857,"VSDType1",0.8769674897193909,1546fea49902ee2dbc640573d57a6d1d-_1_3-00017.png
265.8420467376709,128.83953367173672,95.10952413082123,103.16823555529118,"VSDType1",0.7780632376670837,1546fea49902ee2dbc640573d57a6d1d-_1_3-00023.png
277.32177570462227,132.98697285354137,100.10848000645638,104.25902755558491,"VSDType1",0.9831234812736511,1546fea49902ee2dbc640573d57a6d1d-_1_3-00024.png
259.85395208001137,129.26135408878326,114.55556228756905,121.96860873699188,"VSDType1",0.9892280101776123,1546fea49902ee2dbc640573d57a6d1d-_1_3-00025.png
247.54039496183395,139.5108283907175,120.1350000500679,132.8730517476797,"VSDType1",0.9852933287620544,1546fea49902ee2dbc640573d57a6d1d-_1_3-00026.png
242.31406196951866,126.63398171961308,118.06963339447975,153.67426572740078,"VSDType1",0.9724860191345215,1546fea49902ee2dbc640573d57a6d1d-_1_3-00027.png
269.77677181363106,169.00396218895912,85.36792114377022,91.26726758480072,"VSDType1",0.8605039119720459,1546fea49902ee2dbc640573d57a6d1d-_1_3-00028.png
273.06932777166367,108.55266433954239,101.58525466918945,139.6962651014328,"VSDType1",0.9635317921638489,1546fea49902ee2dbc640573d57a6d1d-_1_3-00030.png
274.42247584462166,130.2730984389782,94.2863903939724,114.88548374176025,"VSDType1",0.9516671299934387,1546fea49902ee2dbc640573d57a6d1d-_1_3-00031.png
278.60136553645134,142.29079154133797,95.66338554024696,106.66142213344574,"VSDType1",0.9921565055847168,1546fea49902ee2dbc640573d57a6d1d-_1_3-00034.png
169.6316640973091,149.17234444618225,156.0300087928772,193.69031262397766,"VSDType2",0.8605538010597229,3f4ef12fdefbe5bc03f4e339a467fb4a-Type2-00005.png
174.4909641444683,134.0432164669037,153.27906599640846,194.3578963279724,"VSDType2",0.8728637099266052,3f4ef12fdefbe5bc03f4e339a467fb4a-Type2-00007.png
208.50551742315292,207.78283560276031,108.82279479503632,88.54645001888275,"VSDType2",0.9716191291809082,3f4ef12fdefbe5bc03f4e339a467fb4a-Type2-00009.png
280.91471886634827,193.16832876205444,132.45829617977142,128.51866579055786,"VSDType2",0.9243784546852112,92621d1736b3527f3c2b2a2f4233b8ba-Type2-00003.png
282.15649142861366,130.01582689583302,124.55784425139427,138.4014521688223,"VSDType2",0.9884498119354248,ICVSD-d0b8fe20e0849053cdffe067ea40c185-_1_2-00021.png
254.17289435863495,105.81488236784935,39.277100563049316,39.6297025680542,"VSDType4",0.818530797958374,ZmNjwqpnZmlr-video10.avi-1.png
285.63308119773865,107.77009539306164,48.41553568840027,39.265892431139946,"VSDType4",0.8162131905555725,ZmNjwqpnZmlr-video10.avi-10.png
268.170690536499,101.36934421956539,31.868761777877808,31.86227537691593,"VSDType4",0.80513995885849,ZmNjwqpnZmlr-video10.avi-2.png
311.7852985858917,136.94252282381058,32.028728723526,37.87652760744095,"VSDType4",0.6038820743560791,ZmNjwqpnZmlr-video10.avi-3.png
312.33245730400085,116.79681032896042,35.693782567977905,38.152805864810944,"VSDType4",0.6936501860618591,ZmNjwqpnZmlr-video10.avi-5.png
277.4200886487961,106.40730656683445,45.5317497253418,43.27012740075588,"VSDType4",0.9116210341453552,ZmNjwqpnZmlr-video10.avi-9.png
262.83833384513855,111.20277307927608,41.63450598716736,37.968986704945564,"VSDType4",0.669833779335022,ZmNjwqpnZmlr-video11.avi-1.png
263.0119860172272,98.86017322540283,28.01228165626526,31.28868967294693,"VSDType4",0.8836309909820557,ZmNjwqpnZmlr-video11.avi-10.png
304.01845276355743,133.8350710272789,38.297271728515625,43.06733697652817,"VSDType4",0.6258745193481445,ZmNjwqpnZmlr-video11.avi-11.png
321.60749435424805,148.18100541830063,23.675566911697388,28.524402379989624,"VSDType4",0.8756222128868103,ZmNjwqpnZmlr-video11.avi-12.png
273.3441025018692,112.44299367070198,34.11509990692139,29.521441161632538,"VSDType4",0.9190822839736938,ZmNjwqpnZmlr-video11.avi-16.png
271.04502618312836,102.30505093932152,34.123361110687256,26.829262375831604,"VSDType4",0.893508791923523,ZmNjwqpnZmlr-video11.avi-2.png
ZmNjwqpnZmlr-video11.avi-3.png：not found!!
ZmNjwqpnZmlr-video11.avi-5-difficult.png：not found!!
251.09983086585999,110.81782311201096,46.74164056777954,41.272885501384735,"VSDType4",0.9586885571479797,ZmNjwqpnZmlr-video11.avi-8.png
254.25246059894562,106.64283938705921,38.85248303413391,39.31482531130314,"VSDType4",0.8670018911361694,ZmNjwqpnZmlr-video11.avi-9.png
146.70975804328918,163.78771752119064,95.38014531135559,71.43527805805206,"VSDType4",0.9387593269348145,ZmNjwqpnZmlr-video12.avi-0.png
142.7773416042328,178.00252005457878,93.270742893219,53.514012694358826,"VSDType4",0.8666110038757324,ZmNjwqpnZmlr-video12.avi-1.png
141.4004534482956,161.31053656339645,131.21345043182373,91.16430133581161,"VSDType4",0.9919067621231079,ZmNjwqpnZmlr-video12.avi-10.png
162.134051322937,167.06524685025215,82.58687853813171,79.1361951828003,"VSDType4",0.8607591986656189,ZmNjwqpnZmlr-video12.avi-17.png
311.56858801841736,93.25061671435833,49.77984428405762,128.23564924299717,"VSDType4",0.861808180809021,ZmNjwqpnZmlr-video12.avi-4.png
290.3828352689743,97.70912200212479,73.34895431995392,79.2628276348114,"VSDType4",0.7938373684883118,ZmNjwqpnZmlr-video12.avi-5.png
136.614890396595,170.71342393755913,128.21247428655624,47.57358759641647,"VSDType4",0.7813231945037842,ZmNjwqpnZmlr-video12.avi-9.png
231.62254095077515,123.01127135753632,92.13178157806396,44.5241117477417,"VSDType4",0.96115642786026,ZmNjwqpnZmlr-video13.avi-1.png
243.30594837665558,135.20864367485046,65.06903767585754,54.10669505596161,"VSDType4",0.9864919781684875,ZmNjwqpnZmlr-video13.avi-10.png
243.92487108707428,102.35150545835495,104.02269959449768,92.2445422410965,"VSDType4",0.9860553741455078,ZmNjwqpnZmlr-video13.avi-11.png
274.9399334192276,112.9734219610691,72.8555977344513,67.06914335489273,"VSDType4",0.9213881492614746,ZmNjwqpnZmlr-video13.avi-2.png
267.7526652812958,110.34594610333443,86.04928255081177,71.48036062717438,"VSDType4",0.921938419342041,ZmNjwqpnZmlr-video13.avi-3.png
252.920863032341,93.96475352346897,108.64478051662445,87.32222937047482,"VSDType4",0.9695819616317749,ZmNjwqpnZmlr-video13.avi-4.png
271.5912461280823,96.98259338736534,90.6032919883728,79.32283937931061,"VSDType4",0.9417230486869812,ZmNjwqpnZmlr-video13.avi-5.png
247.70960807800293,104.04578983783722,114.80928659439087,120.41117548942566,"VSDType4",0.9679498672485352,ZmNjwqpnZmlr-video13.avi-6.png
294.07978653907776,111.40118211507797,69.83704566955566,98.2437989115715,"VSDType4",0.8738633394241333,ZmNjwqpnZmlr-video13.avi-7.png
225.4132241010666,112.67817981541157,112.05763816833496,86.22493498027325,"VSDType4",0.9399460554122925,ZmNjwqpnZmlr-video13.avi-9.png
297.0396339893341,90.46032875776291,82.51094222068787,112.82612174749374,"VSDType4",0.9305905699729919,ZmNjwqpnZmlr-video14.avi-0.png
226.8885999917984,128.6363397538662,87.95278072357178,74.94888603687286,"VSDType4",0.8148790597915649,ZmNjwqpnZmlr-video14.avi-1.png
ZmNjwqpnZmlr-video14.avi-2.png：not found!!
165.98203033208847,161.2097056210041,119.97461467981339,89.54945728182793,"VSDType4",0.9657642245292664,ZmNjwqpnZmlr-video14.avi-5.png
324.2195576429367,99.07560624182224,118.21342408657074,87.6006319373846,"VSDType4",0.989894449710846,ZmNjwqpnZmlr-video14.avi-6.png
162.5703826546669,164.83646258711815,122.95976728200912,81.18299692869186,"VSDType4",0.9583294987678528,ZmNjwqpnZmlr-video15.avi-0.png
190.35503268241882,163.26664209365845,94.52511072158813,87.56371468305588,"VSDType4",0.9391089677810669,ZmNjwqpnZmlr-video15.avi-1.png
328.1431496143341,112.22955219447613,67.55753755569458,97.72029675543308,"VSDType4",0.6453374624252319,ZmNjwqpnZmlr-video15.avi-2.png
ZmNjwqpnZmlr-video15.avi-3.png：not found!!
407.39216804504395,166.30253121256828,57.63516426086426,78.33176046609879,"VSDType4",0.6921860575675964,ZmNjwqpnZmlr-video15.avi-4.png
301.0607123374939,198.31623002886772,95.3266978263855,74.25611034035683,"VSDType4",0.922869086265564,ZmNjwqpnZmlr-video19.avi-2.png
294.1961109638214,206.50011777877808,117.22556352615356,93.21381747722626,"VSDType4",0.9594667553901672,ZmNjwqpnZmlr-video20.avi-1.png
298.046875,208.37697476148605,118.46165657043457,93.48136246204376,"VSDType4",0.9863588213920593,ZmNjwqpnZmlr-video20.avi-10.png
286.1845791339874,201.49565756320953,126.43951773643494,108.48978638648987,"VSDType4",0.9735959768295288,ZmNjwqpnZmlr-video20.avi-2.png
316.7864352464676,214.54509928822517,88.68838250637054,68.50675508379936,"VSDType4",0.9242439270019531,ZmNjwqpnZmlr-video20.avi-3.png
216.39695465564728,162.6165148615837,100.9112298488617,94.53094840049744,"VSDType4",0.5744919180870056,ZmNjwqpnZmlr-video20.avi-8-difficult.png
307.9209119081497,218.51922512054443,92.07706153392792,71.42288625240326,"VSDType4",0.7860053181648254,ZmNjwqpnZmlr-video20.avi-9.png
295.0560063123703,205.1393647491932,117.88502037525177,80.02626612782478,"VSDType4",0.9470714926719666,ZmNjwqpnZmlr-video21.avi-1.png
329.42849695682526,218.61030489206314,74.3311196565628,65.6945675611496,"VSDType4",0.9684605598449707,ZmNjwqpnZmlr-video21.avi-10.png
303.25187146663666,204.4524309039116,114.84823524951935,94.76043283939362,"VSDType4",0.9827919006347656,ZmNjwqpnZmlr-video21.avi-11.png
317.18973219394684,210.28588816523552,116.22572839260101,103.39375957846642,"VSDType4",0.9938009977340698,ZmNjwqpnZmlr-video21.avi-12.png
329.3357878923416,231.34710431098938,81.59384429454803,72.34796404838562,"VSDType4",0.9499875903129578,ZmNjwqpnZmlr-video21.avi-13.png
328.0870735645294,210.9363989531994,73.08244705200195,65.71638599038124,"VSDType4",0.9354419112205505,ZmNjwqpnZmlr-video21.avi-17-difficult.png
281.47923946380615,192.79243513941765,136.8449628353119,112.97572329640388,"VSDType4",0.89461749792099,ZmNjwqpnZmlr-video21.avi-2.png
283.0781161785126,195.87851107120514,142.43842363357544,127.088942527771,"VSDType4",0.9729370474815369,ZmNjwqpnZmlr-video21.avi-3.png
291.7815864086151,203.9085191488266,127.09519863128662,100.34878313541412,"VSDType4",0.9799848794937134,ZmNjwqpnZmlr-video21.avi-4.png
321.788614988327,205.35290211439133,76.63342952728271,77.20543384552002,"VSDType4",0.9312037229537964,ZmNjwqpnZmlr-video21.avi-8.png
320.9067106246948,208.25962141156197,80.57585954666138,77.92101636528969,"VSDType4",0.9102625250816345,ZmNjwqpnZmlr-video21.avi-9.png
261.6825371980667,239.29172694683075,79.04937267303467,76.88118159770966,"VSDType4",0.8531617522239685,ZmNjwqpnZmlr-video22.avi-10.png
280.41325211524963,261.8978029489517,81.7059338092804,95.66757202148438,"VSDType4",0.8371738195419312,ZmNjwqpnZmlr-video22.avi-11.png
228.5336434841156,204.77449983358383,92.414790391922,92.23097026348114,"VSDType4",0.9385511875152588,ZmNjwqpnZmlr-video28.avi-1.png
233.62125158309937,207.62572154402733,105.37691116333008,78.42807725071907,"VSDType4",0.9311488270759583,ZmNjwqpnZmlr-video28.avi-18.png
244.42039728164673,200.1399940252304,81.36246800422668,70.41779279708862,"VSDType4",0.9455156326293945,ZmNjwqpnZmlr-video28.avi-19.png
223.2977718114853,198.05964589118958,106.25326633453369,91.186164021492,"VSDType4",0.9843719601631165,ZmNjwqpnZmlr-video28.avi-2.png
219.54086422920227,195.18004104495049,122.392737865448,99.57012042403221,"VSDType4",0.9792888760566711,ZmNjwqpnZmlr-video28.avi-20.png
231.3981533050537,194.51759576797485,105.51543235778809,93.68939727544785,"VSDType4",0.9893185496330261,ZmNjwqpnZmlr-video28.avi-21.png
237.9423201084137,196.99585363268852,98.27452898025513,87.6671715080738,"VSDType4",0.9846383929252625,ZmNjwqpnZmlr-video28.avi-22.png
224.2544025182724,215.16412898898125,96.24056220054626,79.60152223706245,"VSDType4",0.9495143294334412,ZmNjwqpnZmlr-video28.avi-3.png
206.31555318832397,203.3078558743,169.70248222351074,68.71003970503807,"VSDType4",0.929034948348999,ZmNjwqpnZmlr-video28.avi-36.png
232.36919939517975,210.40604442358017,123.99689257144928,65.40757924318314,"VSDType4",0.95561683177948,ZmNjwqpnZmlr-video28.avi-37.png
231.06251060962677,199.3142719566822,125.4635900259018,93.50276783108711,"VSDType4",0.9598345160484314,ZmNjwqpnZmlr-video28.avi-38.png
219.35262978076935,201.5664678812027,131.0472458600998,90.5246776342392,"VSDType4",0.9709346890449524,ZmNjwqpnZmlr-video28.avi-39.png
219.64821815490723,211.33289247751236,110.49814820289612,84.31213438510895,"VSDType4",0.9802145957946777,ZmNjwqpnZmlr-video28.avi-4.png
231.58549070358276,194.6151664853096,127.75843143463135,106.38093709945679,"VSDType4",0.9580416679382324,ZmNjwqpnZmlr-video28.avi-40.png
240.92098474502563,195.1288215816021,116.92039966583252,87.64315500855446,"VSDType4",0.9911035299301147,ZmNjwqpnZmlr-video28.avi-41.png
222.48106002807617,208.62073928117752,119.43067908287048,83.60704064369202,"VSDType4",0.9727476239204407,ZmNjwqpnZmlr-video28.avi-5.png
209.5035433769226,208.871348798275,162.13659644126892,76.9246119260788,"VSDType4",0.8748268485069275,ZmNjwqpnZmlr-video28.avi-54.png
208.72938930988312,205.92897355556488,121.92965149879456,82.19585001468658,"VSDType4",0.9225960373878479,ZmNjwqpnZmlr-video28.avi-55.png
215.47345221042633,206.41313910484314,122.29906916618347,83.68363380432129,"VSDType4",0.9529297351837158,ZmNjwqpnZmlr-video28.avi-56.png
216.3798689842224,209.82513427734375,123.4429121017456,84.29779529571533,"VSDType4",0.9821685552597046,ZmNjwqpnZmlr-video28.avi-57.png
203.87384593486786,205.70978611707687,137.599778175354,100.97964406013489,"VSDType4",0.9884769320487976,ZmNjwqpnZmlr-video28.avi-58.png
217.13117957115173,198.0776435136795,134.5480978488922,97.14184284210205,"VSDType4",0.9691371321678162,ZmNjwqpnZmlr-video28.avi-71.png
231.27788603305817,192.3150260746479,111.8524432182312,85.42879834771156,"VSDType4",0.9935503005981445,ZmNjwqpnZmlr-video28.avi-72.png
225.6972759962082,195.90416505932808,134.0960055589676,103.2472412288189,"VSDType4",0.9674422144889832,ZmNjwqpnZmlr-video28.avi-73.png
221.03451490402222,193.6765019595623,143.27964782714844,112.39454761147499,"VSDType4",0.9802375435829163,ZmNjwqpnZmlr-video28.avi-74.png
223.3942985534668,194.5518060028553,160.56813597679138,111.73326775431633,"VSDType4",0.9610715508460999,ZmNjwqpnZmlr-video28.avi-75.png
235.4720115661621,194.3233984708786,141.3748562335968,99.78637218475342,"VSDType4",0.9317193031311035,ZmNjwqpnZmlr-video28.avi-76.png
240.8125251531601,135.22292375564575,58.01672339439392,59.006946086883545,"VSDType4",0.9504217505455017,ZmNjwqpnZmlr-video3.avi-10.png
284.4584882259369,128.72910127043724,82.90460109710693,72.66870528459549,"VSDType4",0.945986270904541,ZmNjwqpnZmlr-video3.avi-11.png
266.01038575172424,87.06965044140816,120.26347517967224,113.32459688186646,"VSDType4",0.9845618605613708,ZmNjwqpnZmlr-video3.avi-13.png
299.3889033794403,135.14404401183128,88.35344910621643,101.68509185314178,"VSDType4",0.7739589214324951,ZmNjwqpnZmlr-video3.avi-2.png
249.46749210357666,96.87913656234741,139.3931269645691,90.04133820533752,"VSDType4",0.9922437071800232,ZmNjwqpnZmlr-video3.avi-4.png
303.57706248760223,111.70648522675037,80.18197119235992,91.15592949092388,"VSDType4",0.8317919969558716,ZmNjwqpnZmlr-video3.avi-5.png
255.97442090511322,110.29974237084389,47.48268723487854,56.47901773452759,"VSDType4",0.870118260383606,ZmNjwqpnZmlr-video30.avi-15.png
278.76689434051514,124.88548770546913,88.58768343925476,81.72962307929993,"VSDType4",0.9714841842651367,ZmNjwqpnZmlr-video30.avi-16.png
266.55648052692413,98.96904408931732,103.06012332439423,115.67408323287964,"VSDType4",0.9600318074226379,ZmNjwqpnZmlr-video30.avi-2.png
296.8315601348877,126.80068552494049,69.06604170799255,67.9858124256134,"VSDType4",0.7259637117385864,ZmNjwqpnZmlr-video30.avi-26.png
291.287624835968,119.38567981123924,83.17868113517761,79.25819545984268,"VSDType4",0.8992792367935181,ZmNjwqpnZmlr-video30.avi-27.png
268.55489909648895,119.88596946001053,116.09780490398407,100.36377131938934,"VSDType4",0.9950266480445862,ZmNjwqpnZmlr-video30.avi-28.png
268.64508390426636,112.82680034637451,97.71076440811157,94.19763833284378,"VSDType4",0.9753196239471436,ZmNjwqpnZmlr-video30.avi-29.png
276.5674948692322,92.55491271615028,124.9596357345581,96.51328325271606,"VSDType4",0.9939625859260559,ZmNjwqpnZmlr-video30.avi-3.png
278.02730798721313,110.77867828309536,74.81659054756165,61.76210917532444,"VSDType4",0.9543873071670532,ZmNjwqpnZmlr-video30.avi-30.png
288.34492564201355,94.0238506346941,90.49923419952393,81.232955083251,"VSDType4",0.9767431616783142,ZmNjwqpnZmlr-video30.avi-4.png
291.73717200756073,123.52867349982262,65.51574766635895,63.85131597518921,"VSDType4",0.9367028474807739,ZmNjwqpnZmlr-video30.avi-40.png
270.9534227848053,122.32857137918472,103.7823736667633,86.21707946062088,"VSDType4",0.9903237223625183,ZmNjwqpnZmlr-video30.avi-41.png
271.0373491048813,124.8868153989315,91.79755747318268,76.52453362941742,"VSDType4",0.9441847205162048,ZmNjwqpnZmlr-video30.avi-42.png
285.9283149242401,120.15129424631596,95.75244188308716,71.43525592982769,"VSDType4",0.8574865460395813,ZmNjwqpnZmlr-video30.avi-43.png
356.8057715892792,152.9665732383728,69.14969682693481,76.29953384399414,"VSDType4",0.7634505033493042,ZmNjwqpnZmlr-video30.avi-5.png
287.51354813575745,136.03744894266129,66.04819893836975,65.41752219200134,"VSDType4",0.9609604477882385,ZmNjwqpnZmlr-video30.avi-53.png
272.111451625824,118.14104095101357,90.04737138748169,98.35795104503632,"VSDType4",0.9855839610099792,ZmNjwqpnZmlr-video30.avi-54.png
265.1393085718155,91.85951113700867,112.50263750553131,122.22244441509247,"VSDType4",0.9625047445297241,ZmNjwqpnZmlr-video30.avi-55.png
290.09759426116943,117.05104149878025,86.46643161773682,89.36513654887676,"VSDType4",0.9644312858581543,ZmNjwqpnZmlr-video30.avi-65.png
290.56595861911774,82.66043208539486,94.28226053714752,133.56055565178394,"VSDType4",0.8058605194091797,ZmNjwqpnZmlr-video30.avi-9.png
281.5804600715637,126.82428896427155,52.64906883239746,74.43264931440353,"VSDType4",0.6662160754203796,ZmNjwqpnZmlr-video31.avi-18.png
274.52774941921234,134.18561160564423,80.93453347682953,75.49914121627808,"VSDType4",0.9107847213745117,ZmNjwqpnZmlr-video31.avi-19.png
283.3773761987686,126.21990814805031,70.68392336368561,79.48198556900024,"VSDType4",0.9519816637039185,ZmNjwqpnZmlr-video31.avi-2.png
277.6877224445343,126.60356730222702,74.40444827079773,88.75524580478668,"VSDType4",0.8395003080368042,ZmNjwqpnZmlr-video31.avi-20.png
279.56800162792206,138.64436030387878,68.42354536056519,60.11518657207489,"VSDType4",0.9676456451416016,ZmNjwqpnZmlr-video31.avi-21.png
282.0525586605072,136.18545725941658,72.91496992111206,66.42412036657333,"VSDType4",0.9730308651924133,ZmNjwqpnZmlr-video31.avi-22.png
261.7993414402008,147.75320783257484,77.3216962814331,49.753453731536865,"VSDType4",0.9668552279472351,ZmNjwqpnZmlr-video31.avi-23.png
288.3534997701645,140.20581632852554,58.77037048339844,52.603155970573425,"VSDType4",0.9651174545288086,ZmNjwqpnZmlr-video31.avi-3.png
281.8905681371689,135.8325858414173,76.05696022510529,74.07145768404007,"VSDType4",0.9438199996948242,ZmNjwqpnZmlr-video31.avi-36.png
283.8252127170563,133.1586554646492,73.03438186645508,67.43703246116638,"VSDType4",0.9690541625022888,ZmNjwqpnZmlr-video31.avi-37.png
281.441730260849,126.54271468520164,68.57925653457642,67.36365526914597,"VSDType4",0.9708967208862305,ZmNjwqpnZmlr-video31.avi-38.png
287.5698119401932,133.95328000187874,72.49704897403717,65.9375649690628,"VSDType4",0.9285433292388916,ZmNjwqpnZmlr-video31.avi-39.png
286.400705575943,141.7609141767025,64.68881368637085,57.44398534297943,"VSDType4",0.9730123281478882,ZmNjwqpnZmlr-video31.avi-4-difficult.png
273.88243675231934,140.39614856243134,71.01389169692993,58.846619725227356,"VSDType4",0.9175492525100708,ZmNjwqpnZmlr-video31.avi-40.png
277.21157670021057,119.12996605038643,90.42888879776001,104.84458923339844,"VSDType4",0.9842332601547241,ZmNjwqpnZmlr-video31.avi-53.png
274.0998566150665,116.34486347436905,91.80880188941956,90.06104707717896,"VSDType4",0.9643449187278748,ZmNjwqpnZmlr-video31.avi-54.png
281.35521709918976,108.68681609630585,83.07314217090607,114.96400326490402,"VSDType4",0.9431478381156921,ZmNjwqpnZmlr-video31.avi-55.png
299.197456240654,125.63215300440788,59.00508463382721,87.7647864818573,"VSDType4",0.8470823168754578,ZmNjwqpnZmlr-video31.avi-56.png
288.7768030166626,126.87946200370789,86.0144853591919,95.65078407526016,"VSDType4",0.9751443266868591,ZmNjwqpnZmlr-video31.avi-69.png
271.6942608356476,122.96298757195473,88.90970349311829,89.98035281896591,"VSDType4",0.9550749063491821,ZmNjwqpnZmlr-video31.avi-70.png
289.93070125579834,137.86408960819244,84.19389128684998,81.46434992551804,"VSDType4",0.950742781162262,ZmNjwqpnZmlr-video31.avi-71.png
294.94070410728455,140.94907388091087,71.13230228424072,61.517201364040375,"VSDType4",0.9372642636299133,ZmNjwqpnZmlr-video31.avi-72.png
275.467774271965,138.6909918487072,71.69156074523926,62.213178277015686,"VSDType4",0.935916006565094,ZmNjwqpnZmlr-video31.avi-73.png
282.6071858406067,128.58779042959213,60.24829149246216,82.52638667821884,"VSDType4",0.7329388856887817,ZmNjwqpnZmlr-video32.avi-17.png
276.81387066841125,137.04962342977524,83.66133570671082,66.53906911611557,"VSDType4",0.9428444504737854,ZmNjwqpnZmlr-video32.avi-18.png
284.3089312314987,131.5613517165184,75.4685789346695,71.73642843961716,"VSDType4",0.9501201510429382,ZmNjwqpnZmlr-video32.avi-19.png
283.3679676055908,133.04572775959969,92.77845025062561,68.1616285443306,"VSDType4",0.9709798693656921,ZmNjwqpnZmlr-video32.avi-20.png
276.211616396904,128.64157676696777,104.87733781337738,85.96334248781204,"VSDType4",0.9933575987815857,ZmNjwqpnZmlr-video32.avi-21.png
274.17706549167633,132.11499989032745,93.79134476184845,73.31921607255936,"VSDType4",0.9717683792114258,ZmNjwqpnZmlr-video32.avi-54.png
281.7732632160187,136.23279690742493,81.23571276664734,65.06081521511078,"VSDType4",0.9544141292572021,ZmNjwqpnZmlr-video32.avi-55.png
288.5308861732483,140.3846861422062,71.01418375968933,60.4189333319664,"VSDType4",0.9553635716438293,ZmNjwqpnZmlr-video32.avi-56.png
277.6270776987076,133.83306473493576,86.0246866941452,76.59873694181442,"VSDType4",0.9702815413475037,ZmNjwqpnZmlr-video32.avi-57.png
283.52096676826477,125.44106841087341,85.4411244392395,84.71153408288956,"VSDType4",0.967570424079895,ZmNjwqpnZmlr-video32.avi-73.png
259.6063882112503,136.2008585035801,134.04406011104584,78.7901982665062,"VSDType4",0.9882153272628784,ZmNjwqpnZmlr-video32.avi-74.png
285.72685420513153,132.32040882110596,92.0809417963028,64.93028819561005,"VSDType4",0.9291101694107056,ZmNjwqpnZmlr-video32.avi-75.png
280.00561594963074,131.87027648091316,91.03692173957825,69.00397628545761,"VSDType4",0.9596865177154541,ZmNjwqpnZmlr-video32.avi-76.png
287.6380294561386,141.96829989552498,72.5049763917923,55.28512626886368,"VSDType4",0.9468376040458679,ZmNjwqpnZmlr-video33.avi-19.png
294.4351017475128,131.7362679541111,76.43215656280518,74.48428183794022,"VSDType4",0.9490565061569214,ZmNjwqpnZmlr-video33.avi-2.png
286.33271753787994,133.42820674180984,88.27486336231232,68.82948786020279,"VSDType4",0.9653195738792419,ZmNjwqpnZmlr-video33.avi-20.png
292.89889335632324,135.12824445962906,79.6672523021698,61.7137885093689,"VSDType4",0.9665545225143433,ZmNjwqpnZmlr-video33.avi-21.png
290.6199276447296,131.09485924243927,98.2789933681488,69.98475819826126,"VSDType4",0.9525888562202454,ZmNjwqpnZmlr-video33.avi-3.png
291.15790724754333,131.29612281918526,85.79660654067993,73.62756550312042,"VSDType4",0.9600504636764526,ZmNjwqpnZmlr-video33.avi-36.png
297.98174500465393,126.84084087610245,97.24183678627014,88.46014380455017,"VSDType4",0.9719050526618958,ZmNjwqpnZmlr-video33.avi-37.png
302.37384736537933,131.69099360704422,77.96755135059357,65.13203859329224,"VSDType4",0.9783585667610168,ZmNjwqpnZmlr-video33.avi-38.png
290.9588038921356,130.2354285120964,98.36285710334778,74.531429708004,"VSDType4",0.9668688178062439,ZmNjwqpnZmlr-video33.avi-4.png
296.6296821832657,132.998329102993,72.95838296413422,65.35638928413391,"VSDType4",0.964164674282074,ZmNjwqpnZmlr-video33.avi-75.png
300.98573565483093,137.69119441509247,71.3901937007904,51.86165392398834,"VSDType4",0.9898799657821655,ZmNjwqpnZmlr-video33.avi-76.png
312.49738931655884,134.59878981113434,50.22791028022766,45.90007424354553,"VSDType4",0.9672924876213074,ZmNjwqpnZmlr-video33.avi-77.png
275.676828622818,118.42983640730381,71.59017324447632,55.7709514349699,"VSDType4",0.9534270167350769,ZmNjwqpnZmlr-video34.avi-1.png
321.794456243515,95.55471807718277,69.74233388900757,58.730166256427765,"VSDType4",0.9282599091529846,ZmNjwqpnZmlr-video34.avi-18.png
274.80306029319763,78.18434223532677,103.25132012367249,109.60882544517517,"VSDType4",0.9889707565307617,ZmNjwqpnZmlr-video34.avi-19.png
277.2939383983612,79.37230333685875,120.77395915985107,99.44008022546768,"VSDType4",0.9853746891021729,ZmNjwqpnZmlr-video34.avi-2.png
278.61712872982025,93.28328534960747,108.63097012042999,80.28226017951965,"VSDType4",0.9901472926139832,ZmNjwqpnZmlr-video34.avi-20.png
314.8326814174652,92.33691282570362,65.39155840873718,61.803872510790825,"VSDType4",0.9008627533912659,ZmNjwqpnZmlr-video34.avi-21.png
283.4847301244736,96.14293791353703,73.24285209178925,91.55881069600582,"VSDType4",0.8261529207229614,ZmNjwqpnZmlr-video34.avi-3.png
279.24662828445435,107.84614272415638,69.45294141769409,70.18167726695538,"VSDType4",0.8556764125823975,ZmNjwqpnZmlr-video34.avi-35.png
329.8249304294586,97.39465042948723,58.1990122795105,64.5768266916275,"VSDType4",0.9708053469657898,ZmNjwqpnZmlr-video34.avi-36.png
326.1412262916565,93.53458821773529,73.58529567718506,74.1643077135086,"VSDType4",0.9671127200126648,ZmNjwqpnZmlr-video34.avi-37.png
314.92868661880493,92.87497535347939,89.89983797073364,84.58773404359818,"VSDType4",0.9680983424186707,ZmNjwqpnZmlr-video34.avi-38.png
326.26082599163055,92.14886717498302,77.18724310398102,83.45231272280216,"VSDType4",0.9296853542327881,ZmNjwqpnZmlr-video34.avi-54.png
317.5962835550308,92.77317076921463,81.5599650144577,74.85140383243561,"VSDType4",0.9355490207672119,ZmNjwqpnZmlr-video34.avi-55.png
315.90492725372314,97.99409665167332,73.78239631652832,59.98522751033306,"VSDType4",0.9473644495010376,ZmNjwqpnZmlr-video34.avi-56.png
326.1594593524933,104.33305107057095,59.297001361846924,49.36590738594532,"VSDType4",0.9783447980880737,ZmNjwqpnZmlr-video34.avi-71.png
302.8870850801468,90.28519123792648,86.16775572299957,71.45690470933914,"VSDType4",0.777453601360321,ZmNjwqpnZmlr-video34.avi-72.png
303.3820688724518,91.1944842338562,90.16290307044983,70.30968904495239,"VSDType4",0.8094929456710815,ZmNjwqpnZmlr-video34.avi-73.png
322.4787175655365,97.59353153407574,65.10337591171265,52.50351257622242,"VSDType4",0.9368651509284973,ZmNjwqpnZmlr-video34.avi-88.png
318.64366233348846,80.71483008563519,60.97705066204071,55.64926095306873,"VSDType4",0.8606768250465393,ZmNjwqpnZmlr-video35.avi-21.png
315.9675121307373,80.0757522135973,58.5543692111969,47.52311311662197,"VSDType4",0.9715273976325989,ZmNjwqpnZmlr-video35.avi-22.png
280.1769942045212,80.32229013741016,65.53128957748413,67.10331670939922,"VSDType4",0.8754896521568298,ZmNjwqpnZmlr-video35.avi-56.png
298.44259917736053,69.45211708545685,82.35525190830231,76.53422579169273,"VSDType4",0.9375137686729431,ZmNjwqpnZmlr-video35.avi-57.png
283.74764919281006,67.31067292392254,81.89573287963867,78.71831841766834,"VSDType4",0.9637701511383057,ZmNjwqpnZmlr-video35.avi-58.png
300.685453414917,82.70110376179218,53.3128023147583,53.423220589756966,"VSDType4",0.7658410668373108,ZmNjwqpnZmlr-video35.avi-59.png
291.3189798593521,73.70564125478268,60.79413592815399,63.51097650825977,"VSDType4",0.9575386047363281,ZmNjwqpnZmlr-video35.avi-60.png
303.5623759031296,57.91820056736469,96.46200835704803,105.74946396052837,"VSDType4",0.8832969665527344,ZmNjwqpnZmlr-video35.avi-74.png
304.1688233613968,61.91427022218704,76.81135833263397,105.68587481975555,"VSDType4",0.8198608756065369,ZmNjwqpnZmlr-video35.avi-75.png
302.4197429418564,66.43300116062164,76.9887238740921,77.72147879004478,"VSDType4",0.9211820363998413,ZmNjwqpnZmlr-video35.avi-76.png
284.6105694770813,70.66354885697365,91.60665273666382,77.35040321946144,"VSDType4",0.9813071489334106,ZmNjwqpnZmlr-video35.avi-77.png
307.3509305715561,76.42742022871971,81.82111084461212,69.82244029641151,"VSDType4",0.8684939742088318,ZmNjwqpnZmlr-video35.avi-82.png
331.84921741485596,182.23584115505219,95.25693655014038,88.47941011190414,"VSDType4",0.9879555106163025,ZmNjwqpnZmlr-video36.avi-1.png
347.1208453178406,193.8545161485672,72.83385992050171,70.43732464313507,"VSDType4",0.9779013395309448,ZmNjwqpnZmlr-video36.avi-10.png
351.91922783851624,194.78851899504662,73.76061677932739,64.8549784719944,"VSDType4",0.8519904613494873,ZmNjwqpnZmlr-video36.avi-11-difficult.png
352.09258794784546,188.16318109631538,76.1860728263855,58.26621115207672,"VSDType4",0.6806316375732422,ZmNjwqpnZmlr-video36.avi-15-difficult.png
358.32900404930115,185.66522911190987,72.96820878982544,58.49321722984314,"VSDType4",0.6714665293693542,ZmNjwqpnZmlr-video36.avi-16-difficult.png
327.20754742622375,184.66156661510468,116.25649929046631,89.07285958528519,"VSDType4",0.9935041666030884,ZmNjwqpnZmlr-video36.avi-2.png
355.5359661579132,179.6373090147972,87.37516403198242,69.54287230968475,"VSDType4",0.9366549849510193,ZmNjwqpnZmlr-video36.avi-26.png
358.4554672241211,180.52684888243675,95.06868124008179,79.82103422284126,"VSDType4",0.9193570613861084,ZmNjwqpnZmlr-video36.avi-27.png
357.388436794281,178.1192833185196,89.7505521774292,72.96115189790726,"VSDType4",0.9098279476165771,ZmNjwqpnZmlr-video36.avi-28.png
336.7858290672302,188.4175819158554,113.86083364486694,88.73848736286163,"VSDType4",0.9793705940246582,ZmNjwqpnZmlr-video36.avi-3.png
348.54273200035095,180.3373870253563,104.96610403060913,73.19680273532867,"VSDType4",0.8456209301948547,ZmNjwqpnZmlr-video36.avi-37.png
340.5099004507065,174.22735646367073,124.53553974628448,84.4205479323864,"VSDType4",0.9607831239700317,ZmNjwqpnZmlr-video36.avi-38.png
355.8589458465576,173.7776666879654,89.31996822357178,79.19057160615921,"VSDType4",0.8482014536857605,ZmNjwqpnZmlr-video36.avi-39.png
341.67341589927673,171.98590010404587,78.1802773475647,71.82517737150192,"VSDType4",0.9592762589454651,ZmNjwqpnZmlr-video36.avi-44.png
337.83904910087585,158.09961318969727,86.14132404327393,77.36224919557571,"VSDType4",0.9566050171852112,ZmNjwqpnZmlr-video36.avi-46.png
333.7706357240677,160.42676478624344,100.44240653514862,82.69931137561798,"VSDType4",0.9836590886116028,ZmNjwqpnZmlr-video36.avi-47.png
303.23393046855927,167.7089273929596,123.96568357944489,72.43211030960083,"VSDType4",0.9808352589607239,ZmNjwqpnZmlr-video36.avi-49.png
313.29851746559143,181.1403465270996,100.98912715911865,59.161873161792755,"VSDType4",0.9177776575088501,ZmNjwqpnZmlr-video36.avi-50.png
350.5469083786011,168.99006307125092,80.8159351348877,80.43538749217987,"VSDType4",0.8517438173294067,ZmNjwqpnZmlr-video36.avi-59.png
348.72406125068665,199.86852496862411,73.20678234100342,65.10064601898193,"VSDType4",0.9651838541030884,ZmNjwqpnZmlr-video36.avi-9.png
255.73524236679077,116.20072022080421,71.78414463996887,63.75581055879593,"VSDType4",0.9760280847549438,ZmNjwqpnZmlr-video6.avi-1.png
261.4299863576889,109.95075814425945,57.69174098968506,52.82100833952427,"VSDType4",0.8077747821807861,ZmNjwqpnZmlr-video6.avi-10.png
263.67225646972656,96.58173322677612,69.2193329334259,66.97195619344711,"VSDType4",0.9748185276985168,ZmNjwqpnZmlr-video6.avi-11.png
273.61019253730774,120.25005251169205,73.1159508228302,71.68214052915573,"VSDType4",0.8282187581062317,ZmNjwqpnZmlr-video6.avi-17.png
260.08376479148865,108.76308470964432,64.39933776855469,56.544664800167084,"VSDType4",0.882136881351471,ZmNjwqpnZmlr-video6.avi-2.png
258.8036745786667,85.47908842563629,57.99385905265808,65.10524868965149,"VSDType4",0.9173368811607361,ZmNjwqpnZmlr-video6.avi-3.png
231.26288652420044,88.42835292220116,122.88427948951721,142.60345369577408,"VSDType4",0.9720505475997925,ZmNjwqpnZmlr-video6.avi-6.png
240.21135568618774,98.67848575115204,99.74047541618347,68.18732678890228,"VSDType4",0.9513281583786011,ZmNjwqpnZmlr-video6.avi-8.png
248.2178807258606,89.81363877654076,88.03568482398987,78.50503921508789,"VSDType4",0.9121792316436768,ZmNjwqpnZmlr-video7.avi-0.png
ZmNjwqpnZmlr-video7.avi-1.png：not found!!
272.2875237464905,105.1398977637291,109.85661149024963,79.18891936540604,"VSDType4",0.9854425191879272,ZmNjwqpnZmlr-video7.avi-10.png
ZmNjwqpnZmlr-video7.avi-12.png：not found!!
280.7530254125595,401.1077016592026,77.50050127506256,59.08997118473053,"VSDType4",0.9539101123809814,ZmNjwqpnZmlr-video7.avi-2.png
217.8209900856018,67.62411922216415,119.22786235809326,119.30382013320923,"VSDType4",0.9733664989471436,ZmNjwqpnZmlr-video7.avi-8.png
242.42756962776184,80.66541776061058,68.4234619140625,69.83716294169426,"VSDType4",0.9647486209869385,ZmNjwqpnZmlr-video7.avi-9.png
225.6873458623886,130.07238775491714,91.90255403518677,74.41839873790741,"VSDType4",0.5592939257621765,ZmNjwqpnZmlr-video8.avi-1.png
313.64444494247437,398.2611858844757,34.662801027297974,12.969912886619568,"VSDType4",0.8320911526679993,ZmNjwqpnZmlr-video8.avi-10.png
185.67001223564148,139.26982194185257,102.7214765548706,88.90713393688202,"VSDType4",0.9667301774024963,ZmNjwqpnZmlr-video8.avi-2.png
203.75814735889435,114.08984251320362,133.0103874206543,103.12824301421642,"VSDType4",0.987602174282074,ZmNjwqpnZmlr-video8.avi-9.png
272.40695655345917,415.9380966424942,85.49396693706512,47.618876695632935,"VSDType4",0.9730651378631592,ZmNjwqpnZmlr-video9.avi-10.png
253.82331609725952,99.27462011575699,65.62737822532654,97.25755870342255,"VSDType4",0.9179257154464722,ZmNjwqpnZmlr-video9.avi-8.png
294.1190481185913,131.39707177877426,85.5135977268219,76.63133919239044,"VSDType4",0.9100365042686462,ZmNjwqpnZmlr-video9.avi-9.png
254.7952175140381,191.09524458646774,74.91238713264465,75.8190268278122,"VSDType2",0.9146628379821777,ZmNmwq1lY2s=-video1.avi-0.png
259.6943199634552,215.7922165095806,65.95444679260254,46.367260068655014,"VSDType2",0.9766485095024109,ZmNmwq1lY2s=-video1.avi-1.png
236.8050903081894,188.26284661889076,90.81549644470215,100.69978103041649,"VSDType2",0.9841930866241455,ZmNmwq1lY2s=-video1.avi-10.png
217.39036440849304,187.7161319553852,116.95181727409363,79.87626627087593,"VSDType2",0.9869181513786316,ZmNmwq1lY2s=-video1.avi-11.png
244.3981170654297,117.00817175209522,76.14948153495789,139.8251887410879,"VSDType2",0.9709275960922241,ZmNmwq1lY2s=-video1.avi-12.png
260.34449338912964,174.45574924349785,67.38985180854797,84.16288688778877,"VSDType2",0.7169981002807617,ZmNmwq1lY2s=-video1.avi-14-difficult.png
257.76328444480896,164.48820859193802,71.0250735282898,83.8379117846489,"VSDType2",0.8998411893844604,ZmNmwq1lY2s=-video1.avi-15.png
273.35638999938965,162.7280853688717,82.57406949996948,91.79933711886406,"VSDType2",0.5979757905006409,ZmNmwq1lY2s=-video1.avi-16-difficult.png
240.20069539546967,139.1218726336956,85.82981824874878,111.90510079264641,"VSDType2",0.9645820260047913,ZmNmwq1lY2s=-video1.avi-17.png
234.07981097698212,140.99253371357918,78.63965034484863,117.5471194088459,"VSDType2",0.888385534286499,ZmNmwq1lY2s=-video1.avi-18.png
240.744286775589,188.99421393871307,68.71022582054138,80.1920360326767,"VSDType2",0.8258664608001709,ZmNmwq1lY2s=-video1.avi-19-difficult.png
250.08124113082886,133.0877861380577,77.64079570770264,130.4623755812645,"VSDType2",0.9654077887535095,ZmNmwq1lY2s=-video1.avi-2.png
252.54220366477966,183.45742240548134,65.19750356674194,91.45236656069756,"VSDType2",0.8917233943939209,ZmNmwq1lY2s=-video1.avi-20.png
250.76708793640137,185.1820519566536,76.17543339729309,88.04492980241776,"VSDType2",0.9596511721611023,ZmNmwq1lY2s=-video1.avi-21.png
240.4268354177475,182.29449570178986,93.47431063652039,88.26122581958771,"VSDType2",0.9831826090812683,ZmNmwq1lY2s=-video1.avi-22.png
269.5132404565811,161.69696912169456,61.101073026657104,101.84381023049355,"VSDType2",0.7574282884597778,ZmNmwq1lY2s=-video1.avi-3.png
267.8750813007355,151.62510126829147,60.28484106063843,100.39584249258041,"VSDType2",0.6501885652542114,ZmNmwq1lY2s=-video1.avi-4-difficult.png
252.56640315055847,158.08769345283508,74.08426403999329,107.28978753089905,"VSDType2",0.9123595952987671,ZmNmwq1lY2s=-video1.avi-5.png
259.6013814210892,136.87112241983414,47.662097215652466,106.7927286028862,"VSDType2",0.9323278665542603,ZmNmwq1lY2s=-video1.avi-6.png
235.50420105457306,144.16541129350662,73.32606911659241,104.97697502374649,"VSDType2",0.7775746583938599,ZmNmwq1lY2s=-video1.avi-7.png
236.95429265499115,156.4098134636879,74.5157241821289,109.47163045406342,"VSDType2",0.6722747683525085,ZmNmwq1lY2s=-video1.avi-8.png
237.33850121498108,188.32172244787216,73.93714785575867,87.9564169049263,"VSDType2",0.8746688961982727,ZmNmwq1lY2s=-video1.avi-9.png
221.76024913787842,255.76462626457214,104.20507192611694,77.70387947559357,"VSDType2",0.9772343635559082,ZmVjwqluZGxp-video2.avi-18-difficult.png
255.5159866809845,164.39080014824867,105.31357526779175,136.35678872466087,"VSDType2",0.8603490591049194,ZmVjwqluZGxp-video2.avi-19.png
245.94221115112305,127.32628986239433,104.85044717788696,207.7677257359028,"VSDType2",0.9913194179534912,ZmVjwqluZGxp-video2.avi-2.png
248.15756976604462,137.44712010025978,126.04366838932037,151.70805260539055,"VSDType2",0.9584643244743347,ZmVjwqluZGxp-video2.avi-20.png
240.85806608200073,131.11993789672852,128.74410152435303,198.14281851053238,"VSDType2",0.976500391960144,ZmVjwqluZGxp-video2.avi-3.png
247.06675708293915,217.88290590047836,128.12269628047943,136.86436593532562,"VSDType2",0.8033093810081482,ZmVjwqluZGxp-video2.avi-34.png
249.79881644248962,133.20592135190964,142.097669839859,190.1195964217186,"VSDType2",0.8589759469032288,ZmVjwqluZGxp-video2.avi-35.png
245.62878608703613,119.4587840884924,143.60041618347168,201.9848019629717,"VSDType2",0.9177300333976746,ZmVjwqluZGxp-video2.avi-36.png
256.26625418663025,137.53845065832138,117.49956011772156,172.36340761184692,"VSDType2",0.8819437026977539,ZmVjwqluZGxp-video2.avi-37.png
257.57782459259033,134.57326859235764,119.88078951835632,161.410054564476,"VSDType2",0.9318287968635559,ZmVjwqluZGxp-video2.avi-38.png
254.1504681110382,143.4165921807289,119.05829906463623,136.38663232326508,"VSDType2",0.9653596878051758,ZmVjwqluZGxp-video2.avi-39.png
238.39708268642426,125.60748741030693,126.9335001707077,199.07546415925026,"VSDType2",0.9781709313392639,ZmVjwqluZGxp-video2.avi-4.png
251.4437973499298,155.17151802778244,125.40298700332642,113.4729740023613,"VSDType2",0.9818106889724731,ZmVjwqluZGxp-video2.avi-40-difficult.png
253.31249833106995,140.71129873394966,119.01828646659851,120.94622120261192,"VSDType2",0.9623047709465027,ZmVjwqluZGxp-video2.avi-41.png
239.64258432388306,152.59484857320786,112.68035769462585,161.1547538638115,"VSDType2",0.8725664615631104,ZmVjwqluZGxp-video2.avi-43.png
235.21731197834015,209.2900738120079,108.71477127075195,154.47530508041382,"VSDType2",0.8739336133003235,ZmVjwqluZGxp-video2.avi-49.png
240.9662961959839,130.51394909620285,123.98919463157654,188.2109633088112,"VSDType2",0.9663056135177612,ZmVjwqluZGxp-video2.avi-5.png
239.35978412628174,127.75427922606468,142.6113247871399,198.9013297855854,"VSDType2",0.9203095436096191,ZmVjwqluZGxp-video2.avi-50.png
242.38547086715698,122.34389886260033,141.53398871421814,202.2671802341938,"VSDType2",0.9560219645500183,ZmVjwqluZGxp-video2.avi-51.png
235.66072583198547,130.96546813845634,153.94940972328186,188.40346410870552,"VSDType2",0.9623053073883057,ZmVjwqluZGxp-video2.avi-52.png
248.76216053962708,128.3965140581131,131.95149302482605,180.83173155784607,"VSDType2",0.9077045917510986,ZmVjwqluZGxp-video2.avi-53.png
251.18605196475983,124.99221950769424,130.393984913826,177.74676203727722,"VSDType2",0.9371262788772583,ZmVjwqluZGxp-video2.avi-54.png
260.43801605701447,144.33739185333252,115.2368038892746,142.97458827495575,"VSDType2",0.9682029485702515,ZmVjwqluZGxp-video2.avi-55.png
253.3034861087799,142.03601226210594,129.87409234046936,134.78707149624825,"VSDType2",0.977212131023407,ZmVjwqluZGxp-video2.avi-56.png
249.72281754016876,134.88973170518875,114.44047391414642,169.78387624025345,"VSDType2",0.9462057948112488,ZmVjwqluZGxp-video2.avi-6.png
253.44467759132385,136.77716597914696,113.2686972618103,163.5466231405735,"VSDType2",0.9298873543739319,ZmVjwqluZGxp-video2.avi-7.png
248.7776815891266,125.15022978186607,114.27472829818726,197.59299114346504,"VSDType2",0.9916287660598755,ZmVjwqluZGxp-video2.avi-72.png
239.68386948108673,122.01305978000164,134.40342247486115,207.85320706665516,"VSDType2",0.9767764806747437,ZmVjwqluZGxp-video2.avi-73.png
243.25813353061676,121.96822799742222,134.62701737880707,192.24715881049633,"VSDType2",0.9646407961845398,ZmVjwqluZGxp-video2.avi-74.png
239.93012011051178,128.33173736929893,131.9550186395645,191.23670294880867,"VSDType2",0.9522755742073059,ZmVjwqluZGxp-video2.avi-75.png
255.8622270822525,128.0359272658825,116.16101562976837,178.65542069077492,"VSDType2",0.9425052404403687,ZmVjwqluZGxp-video2.avi-76.png
247.95704782009125,134.5226539671421,129.49468195438385,156.50084897875786,"VSDType2",0.9836963415145874,ZmVjwqluZGxp-video2.avi-77.png
256.38209879398346,132.50382229685783,113.99128139019012,161.32601156830788,"VSDType2",0.9106101393699646,ZmVjwqluZGxp-video2.avi-78.png
249.44393932819366,142.0128956437111,107.8915923833847,155.73080152273178,"VSDType2",0.8999761939048767,ZmVjwqluZGxp-video2.avi-8.png
228.08614075183868,120.2261171489954,129.79329526424408,223.69440458714962,"VSDType2",0.9673184752464294,ZmVjwqluZGxp-video2.avi-80.png
224.5938003063202,221.07056513428688,141.63516759872437,93.03196772933006,"VSDType2",0.992013156414032,ZmVjwqluZGxp-video2.avi-88.png
238.90489637851715,131.50505751371384,107.46319890022278,191.05219781398773,"VSDType2",0.9743911027908325,ZmVjwqluZGxp-video2.avi-89.png
212.42817640304565,134.81982126832008,153.02148461341858,180.29411897063255,"VSDType2",0.9661622643470764,ZmVjwqluZGxp-video3.avi-0.png
207.8043431043625,134.17133152484894,123.6799418926239,177.8999188542366,"VSDType2",0.6617565155029297,ZmVjwqluZGxp-video3.avi-10.png
199.96919631958008,148.97791653871536,142.4103856086731,169.06137496232986,"VSDType2",0.7480624914169312,ZmVjwqluZGxp-video3.avi-11.png
292.7141845226288,237.43643760681152,64.08395171165466,58.972957134246826,"VSDType2",0.9499337077140808,ZmVjwqluZGxp-video3.avi-13.png
244.6875512599945,133.90068858861923,123.57262969017029,189.60737228393555,"VSDType2",0.9737237691879272,ZmVjwqluZGxp-video3.avi-14.png
246.2895154953003,123.1390618532896,113.6731207370758,196.81089855730534,"VSDType2",0.9920336604118347,ZmVjwqluZGxp-video3.avi-15.png
269.23279762268066,145.30669659376144,95.74138522148132,128.51698011159897,"VSDType2",0.8882426619529724,ZmVjwqluZGxp-video3.avi-17-difficult.png
269.23279762268066,145.30669659376144,95.74138522148132,128.51698011159897,"VSDType2",0.8882426619529724,ZmVjwqluZGxp-video3.avi-17.png
205.11857569217682,147.27728873491287,143.33555698394775,187.56762206554413,"VSDType2",0.5536185503005981,ZmVjwqluZGxp-video3.avi-20.png
196.86423540115356,136.41327470541,129.6905517578125,200.67735582590103,"VSDType2",0.6909061670303345,ZmVjwqluZGxp-video3.avi-21.png
217.28188395500183,122.0955390483141,130.16698956489563,226.87505654990673,"VSDType2",0.8103287816047668,ZmVjwqluZGxp-video3.avi-24.png
211.42227053642273,126.91200524568558,127.5277853012085,182.5644600391388,"VSDType2",0.8411188125610352,ZmVjwqluZGxp-video3.avi-26.png
203.7074327468872,126.8650934100151,143.1597352027893,180.89144825935364,"VSDType2",0.8987064957618713,ZmVjwqluZGxp-video3.avi-27.png
217.558091878891,141.18501976132393,113.87760639190674,149.83317241072655,"VSDType2",0.8907669186592102,ZmVjwqluZGxp-video3.avi-28.png
194.13371980190277,127.09395825862885,145.5171823501587,168.0196961760521,"VSDType2",0.8430547118186951,ZmVjwqluZGxp-video3.avi-29.png
205.9202879667282,190.0882038474083,112.36409544944763,120.23615598678589,"VSDType2",0.9079969525337219,ZmVjwqluZGxp-video3.avi-32.png
208.84971916675568,189.6910759806633,107.73465037345886,94.66690421104431,"VSDType2",0.9488861560821533,ZmVjwqluZGxp-video3.avi-38.png
195.87910771369934,124.00875270366669,126.32231712341309,208.72002124786377,"VSDType2",0.8127459287643433,ZmVjwqluZGxp-video3.avi-43.png
179.12572026252747,117.96983487904072,139.3443524837494,199.14517544209957,"VSDType2",0.7417057752609253,ZmVjwqluZGxp-video3.avi-44.png
174.88787919282913,126.78016528487206,146.33813947439194,179.64794531464577,"VSDType2",0.9499697089195251,ZmVjwqluZGxp-video3.avi-45.png
190.01601040363312,129.12763059139252,134.86661314964294,172.14298099279404,"VSDType2",0.6828963756561279,ZmVjwqluZGxp-video3.avi-46.png
221.1177110671997,129.88426834344864,145.06490230560303,185.38377285003662,"VSDType2",0.9640166759490967,ZmVjwqluZGxp-video3.avi-6.png
309.4034220278263,238.88058364391327,74.37444135546684,88.92358499765396,"VSDType1",0.9482967257499695,a123fa12f3e938609494f3a94bebe37f-_1_1-00003.png
298.63771855831146,192.8478981256485,121.36567711830139,114.23764157295227,"VSDType1",0.9692245721817017,a123fa12f3e938609494f3a94bebe37f-_1_1-00005.png
321.34952411055565,195.7660005390644,106.97820201516151,98.24615183472633,"VSDType1",0.9888721108436584,a123fa12f3e938609494f3a94bebe37f-_1_1-00007.png
284.7843338549137,183.91836082935333,134.6497155725956,126.83349895477295,"VSDType1",0.9702210426330566,a123fa12f3e938609494f3a94bebe37f-_1_1-00049.png
319.1879077255726,186.19353890419006,95.26325896382332,106.74486994743347,"VSDType1",0.9885444045066833,a123fa12f3e938609494f3a94bebe37f-_1_1-00051.png
267.73617669939995,227.79741632938385,94.97696802020073,87.22363775968552,"VSDType1",0.7309366464614868,a123fa12f3e938609494f3a94bebe37f-_1_2-00001.png
306.9063287973404,173.09689110517502,137.24518060684204,86.63864028453827,"VSDType1",0.938230037689209,a123fa12f3e938609494f3a94bebe37f-_1_2-00007.png
279.48980033397675,171.62256011366844,159.65126037597656,136.83814296126366,"VSDType1",0.9944016933441162,a123fa12f3e938609494f3a94bebe37f-_1_2-00019.png
280.6685811281204,171.3939931690693,132.53959625959396,116.04302018880844,"VSDType1",0.9885721206665039,a123fa12f3e938609494f3a94bebe37f-_1_2-00021.png
269.8145069181919,203.99503174424171,117.84864351153374,109.11793872714043,"VSDType1",0.8946618437767029,a123fa12f3e938609494f3a94bebe37f-_1_2-00033.png
276.43285766243935,172.99399629235268,160.0488866865635,98.55525040626526,"VSDType1",0.9800646901130676,a123fa12f3e938609494f3a94bebe37f-_1_2-00035.png
312.21689343452454,173.19372922182083,132.7553755044937,113.20079040527344,"VSDType1",0.9932239651679993,a123fa12f3e938609494f3a94bebe37f-_1_2-00037.png
a123fa12f3e938609494f3a94bebe37f-_1_3-00003-difficult.png：not found!!
294.0739980340004,183.60341262817383,129.72824692726135,113.51549702882767,"VSDType1",0.9940205216407776,a123fa12f3e938609494f3a94bebe37f-_1_3-00005.png
300.2748253941536,180.3224088549614,111.04861378669739,87.69668126106262,"VSDType1",0.9613832235336304,a123fa12f3e938609494f3a94bebe37f-_1_3-00007.png
289.4958011806011,184.06615456938744,115.47271862626076,126.58265510201454,"VSDType1",0.9719337821006775,a123fa12f3e938609494f3a94bebe37f-_1_3-00017.png
293.5254943370819,189.71501594781876,133.54663610458374,118.69964933395386,"VSDType1",0.989608108997345,a123fa12f3e938609494f3a94bebe37f-_1_3-00019.png
279.49232161045074,194.8365996479988,112.14225947856903,108.27284842729568,"VSDType1",0.6790905594825745,a123fa12f3e938609494f3a94bebe37f-_1_3-00031.png
290.4074527323246,176.71016764640808,140.62257751822472,120.73207640647888,"VSDType1",0.9969919919967651,a123fa12f3e938609494f3a94bebe37f-_1_3-00033.png
223.74269664287567,130.3632500320673,128.00054222345352,197.60902212560177,"VSDType2",0.9469025731086731,d0b8fe20e0849053cdffe067ea40c185-_1_1-00002.png
228.991426974535,125.0716560781002,119.94422346353531,186.84053555130959,"VSDType2",0.9193801283836365,d0b8fe20e0849053cdffe067ea40c185-_1_1-00004.png
229.24590781331062,118.53359059989452,125.85062876343727,156.6219786554575,"VSDType2",0.9837452173233032,d0b8fe20e0849053cdffe067ea40c185-_1_1-00005.png
224.15893837809563,114.34330590069294,143.33068057894707,147.14559589326382,"VSDType2",0.9879088997840881,d0b8fe20e0849053cdffe067ea40c185-_1_1-00006.png
217.3326873779297,148.16645979881287,117.0234927535057,128.26919478178024,"VSDType2",0.9834028482437134,d0b8fe20e0849053cdffe067ea40c185-_1_1-00014.png
221.93372279405594,133.45992144942284,127.280213534832,160.955285936594,"VSDType2",0.9720226526260376,d0b8fe20e0849053cdffe067ea40c185-_1_1-00015-difficult.png
226.05071514844894,135.69468703866005,129.6721065044403,173.33348187804222,"VSDType2",0.9702222943305969,d0b8fe20e0849053cdffe067ea40c185-_1_1-00017.png
228.9337107539177,132.82914501428604,116.5091523528099,157.53201019763947,"VSDType2",0.9523002505302429,d0b8fe20e0849053cdffe067ea40c185-_1_1-00018.png
232.68545418977737,130.32967936992645,100.36760419607162,116.25450414419174,"VSDType2",0.9878274202346802,d0b8fe20e0849053cdffe067ea40c185-_1_1-00019.png
248.1835936009884,179.98834151029587,88.63715529441833,93.45106029510498,"VSDType2",0.9628995060920715,d0b8fe20e0849053cdffe067ea40c185-_1_1-00021.png
244.38316851854324,159.88716772198677,107.58938044309616,122.62708032131195,"VSDType2",0.9816129803657532,d0b8fe20e0849053cdffe067ea40c185-_1_1-00023.png
240.37412881851196,154.2020006775856,116.82498425245285,141.64131009578705,"VSDType2",0.9828457832336426,d0b8fe20e0849053cdffe067ea40c185-_1_1-00025.png
228.54236662387848,148.95367500185966,130.49463093280792,154.43531289696693,"VSDType2",0.9875764846801758,d0b8fe20e0849053cdffe067ea40c185-_1_1-00027.png
252.60404258966446,137.28201596438885,101.39250308275223,119.95677615702152,"VSDType2",0.9851458668708801,d0b8fe20e0849053cdffe067ea40c185-_1_1-00030.png
243.78289461135864,120.33828762173653,127.69240021705627,104.04865658283234,"VSDType2",0.9673832654953003,d0b8fe20e0849053cdffe067ea40c185-_1_1-00031.png
231.27832978963852,142.3100228458643,124.89613652229309,124.52143715322018,"VSDType2",0.9911417365074158,d0b8fe20e0849053cdffe067ea40c185-_1_2-00001.png
224.6899612247944,144.8253204524517,130.50847694277763,121.17478466033936,"VSDType2",0.9922452569007874,d0b8fe20e0849053cdffe067ea40c185-_1_2-00008.png
242.7663789689541,189.94251304864883,115.42800799012184,110.98697304725647,"VSDType2",0.9897812604904175,d0b8fe20e0849053cdffe067ea40c185-_1_2-00009.png
238.8679602742195,185.83959317207336,117.53438740968704,96.16028434038162,"VSDType2",0.9922301173210144,d0b8fe20e0849053cdffe067ea40c185-_1_2-00017.png
231.63485929369926,182.1660257577896,132.59369865059853,117.92121720314026,"VSDType2",0.9940071105957031,d0b8fe20e0849053cdffe067ea40c185-_1_2-00018.png
250.86904719471931,136.13166645169258,96.59409373998642,124.46641784906387,"VSDType2",0.9812270402908325,d0b8fe20e0849053cdffe067ea40c185-_1_2-00019.png
282.15649142861366,130.01582689583302,124.55784425139427,138.4014521688223,"VSDType2",0.9884498119354248,d0b8fe20e0849053cdffe067ea40c185-_1_2-00021.png
241.02926087379456,114.82132917642593,121.45812582969666,163.41425961256027,"VSDType2",0.8301457166671753,da300e3e19e213f975f49ece5b4b811b-Type2-00001.png
243.06664872169495,122.17754477262497,101.04818403720856,173.26396518945694,"VSDType2",0.9633030891418457,da300e3e19e213f975f49ece5b4b811b-Type2-00003.png
234.53207832574844,127.4632853269577,109.347585439682,169.36003696918488,"VSDType2",0.9408413171768188,da300e3e19e213f975f49ece5b4b811b-Type2-00007.png
234.65480720996857,125.84543412923813,112.7005478143692,160.3629806637764,"VSDType2",0.8943706154823303,da300e3e19e213f975f49ece5b4b811b-Type2-00009.png
237.51719069480896,120.91504007577896,116.35926985740662,150.3844386935234,"VSDType2",0.9147037267684937,da300e3e19e213f975f49ece5b4b811b-Type2-00011.png
196.78449869155884,161.10984647274017,130.9007384777069,140.65485727787018,"VSDType2",0.93235844373703,da300e3e19e213f975f49ece5b4b811b-Type2-00013.png
200.94554018974304,152.61604642868042,128.55965292453766,152.40219640731812,"VSDType2",0.808987021446228,da300e3e19e213f975f49ece5b4b811b-Type2-00015.png
224.24837410449982,120.30060970783234,128.6024912595749,191.31743037700653,"VSDType2",0.8631635904312134,da300e3e19e213f975f49ece5b4b811b-Type2-00017.png
229.5459570288658,108.05484211444855,124.23253923654556,172.05031716823578,"VSDType2",0.936114490032196,da300e3e19e213f975f49ece5b4b811b-Type2-00019.png
231.2426580786705,118.45146816968918,120.07408571243286,153.77130109071732,"VSDType2",0.9515204429626465,da300e3e19e213f975f49ece5b4b811b-Type2-00021.png
222.84049516916275,137.00778532028198,102.49151611328125,143.2222466468811,"VSDType2",0.9183323979377747,da300e3e19e213f975f49ece5b4b811b-Type2-00025.png
209.99088829755783,113.6162269115448,135.1299089193344,191.03510332107544,"VSDType2",0.7124553918838501,da300e3e19e213f975f49ece5b4b811b-Type2-00027.png
309.4034220278263,238.88058364391327,74.37444135546684,88.92358499765396,"VSDType1",0.9482967257499695,long-axixa123fa12f3e938609494f3a94bebe37f-_1_1-00003.png
